0.017086317762732506,
-0.006516743451356888,
0.07438471913337708,
-0.03283987194299698,
0.03765120729804039,
0.09204744547605515,
0.0074923280626535416,
-0.07509754598140717,
-0.09573809057474136,
0.02996004931628704,
-0.0760040134191513,
0.028594227507710457,
0.0005653501721099019,
0.09500401467084885,
0.1332119107246399,
-0.13798479735851288,
-0.08177298307418823,
-0.010285511612892151,
-0.06943849474191666,
-0.05057796090841293,
-0.0026662289164960384,
-0.042318008840084076,
-0.04431303218007088,
-0.07533605396747589,
-0.06301308423280716,
0.17366687953472137,
-0.03555476665496826,
-0.01938527263700962,
0.08088934421539307,
0.0186249241232872,
0.018235953524708748,
-0.011677606962621212,
-0.21268825232982635,
-0.09095441550016403,
0.074907585978508,
0.011558626778423786,
-0.03542831540107727,
-0.0214947871863842,
-0.07896153628826141,
-0.06956098228693008,
-0.13978828489780426,
-0.1373267024755478,
-0.07257761061191559,
0.04267469793558121,
0.04534299671649933,
-0.005257961340248585,
-0.00457729073241353,
-0.07106293737888336,
0.03496154397726059,
0.08258330821990967,
0.11433755606412888,
0.016846712678670883,
0.11219333857297897,
0.12594492733478546,
0.09577568620443344,
0.1194407120347023,
0.1014207974076271,
-0.05550096929073334,
0.08726313710212708,
-0.017492877319455147,
0.0398343950510025,
0.034336190670728683,
0.017343193292617798,
0.036945443600416183,
0.10932944715023041,
-0.0019573085010051727,
0.01661541685461998,
-0.062034692615270615,
-0.06126109138131142,
0.03668287768959999,
0.00872222613543272,
-0.08301983773708344,
0.006318710278719664,
0.027767254039645195,
-0.06925945729017258,
0.07295601069927216,
-0.029744714498519897,
0.10964291542768478,
-0.07737380266189575,
0.00038121547549963,
0.010732877068221569,
0.018984586000442505,
0.11547518521547318,
-0.06952973455190659,
-0.0751446932554245,
0.1190381571650505,
0.09248978644609451,
-0.001659073051996529,
-0.024753035977482796,
0.06960159540176392,
-0.09749223291873932,
-0.09307712316513062,
-0.07466528564691544,
0.04996419697999954,
0.03379058837890625,
-0.03703026473522186,
0.0006895023980177939,
-0.005930003244429827,
-0.07271020859479904,
-0.09843006730079651,
0.14839434623718262,
0.11561501026153564,
-0.03743768110871315,
0.05373091995716095,
-0.04132512956857681,
0.09979305416345596,
0.018646368756890297,
0.1251027137041092,
0.0762271136045456,
0.1267535537481308,
-0.028368689119815826,
0.013319005258381367,
0.11462990939617157,
0.07355793565511703,
0.0228451956063509,
0.056034814566373825,
-0.08145267516374588,
-0.04305562004446983,
-0.0019018081948161125,
-0.09964872151613235,
-0.07149496674537659,
-0.07484661042690277,
-0.009658116847276688,
-0.08876845240592957,
-0.04418422654271126,
0.10961513966321945,
0.017073480412364006,
0.08565405011177063,
0.044259943068027496,
-0.057496581226587296,
0.12361067533493042,
-0.0012709867442026734,
0.11927511543035507,
-0.018158044666051865,
-0.06546491384506226,
-0.021029992029070854,
0.11964082717895508,
0.02701897732913494,
0.09399934858083725,
-0.052665792405605316,
0.00020229569054208696,
-0.05140327662229538,
-0.10208481550216675,
-0.03500707820057869,
0.008611028082668781,
-0.06962516158819199,
-0.012219931930303574,
0.04905945062637329,
0.032772697508335114,
-0.08229877054691315,
0.16779325902462006,
0.10102305561304092,
0.16316530108451843,
0.11873652040958405,
-0.05672282725572586,
-0.010154170915484428,
-0.06372725963592529,
0.053076133131980896,
0.07216782867908478,
0.008921882137656212,
-0.14964421093463898,
-0.1555766612291336,
0.016711577773094177,
-0.11151966452598572,
0.04084911569952965,
-0.11705172806978226,
-0.0070578050799667835,
-0.06918458640575409,
0.07828406244516373,
-0.09278970956802368,
-0.11021901667118073,
0.041491031646728516,
-0.02597077749669552,
-0.046097349375486374,
0.012644326314330101,
0.17338280379772186,
0.18074604868888855,
0.23731881380081177,
0.15574795007705688,
0.10090449452400208,
0.34324657917022705,
0.33403947949409485,
0.266691654920578,
0.2933928668498993,
0.17262715101242065,
0.13208740949630737,
-0.008866080082952976,
0.027636289596557617,
0.19458504021167755,
0.05075807496905327,
-0.09562257677316666,
-0.0004007182433269918,
-0.014423569664359093,
-0.11498595029115677,
0.021231895312666893,
-0.07595501095056534,
0.0925692692399025,
-0.012248036451637745,
0.05686771497130394,
0.0072664134204387665,
0.13780392706394196,
0.14553171396255493,
0.024104390293359756,
0.12641647458076477,
0.09251905232667923,
0.05216571316123009,
-0.048061925917863846,
-0.09564568847417831,
-0.08130744844675064,
-0.02626775950193405,
-0.11710784584283829,
-0.06352947652339935,
-0.1322629153728485,
-0.03414521366357803,
-0.1065712571144104,
-0.012986404821276665,
-0.10880123823881149,
-0.11607898026704788,
0.044596366584300995,
0.09456150978803635,
-0.10246232897043228,
0.06205003708600998,
0.023438651114702225,
0.04979480057954788,
-0.07463287562131882,
0.18030917644500732,
0.09620599448680878,
0.08517615497112274,
0.12474881857633591,
-0.07507570087909698,
0.10735397785902023,
0.056928202509880066,
0.030742602422833443,
0.07278120517730713,
0.047732431441545486,
-0.11321057379245758,
-0.09764508903026581,
-0.05319048464298248,
-0.09355594217777252,
0.06623111665248871,
-0.14941996335983276,
-0.030096817761659622,
-0.04716695845127106,
0.07558984309434891,
0.05803351476788521,
-0.11874865740537643,
-0.12922079861164093,
-0.09838943928480148,
0.07217157632112503,
-0.08998637646436691,
0.16178889572620392,
0.2093411535024643,
0.19050714373588562,
0.07393909245729446,
0.03121730498969555,
0.0020572375506162643,
0.17485499382019043,
0.13595417141914368,
0.06367924809455872,
0.10928521305322647,
-0.06136104837059975,
-0.014062267728149891,
-0.0955466702580452,
-0.09322191774845123,
-0.07924498617649078,
-0.08301082253456116,
-0.02594313584268093,
-0.12985287606716156,
-0.023935986682772636,
0.03842535614967346,
0.03031814657151699,
-0.08590537309646606,
-0.05816635489463806,
0.05725850909948349,
0.055246949195861816,
0.1364169418811798,
0.24276305735111237,
0.056455619633197784,
0.00850854255259037,
0.08759834617376328,
0.13182298839092255,
-0.015367272309958935,
0.13412030041217804,
0.05761418864130974,
0.0004114210605621338,
-0.16987329721450806,
0.02477000467479229,
-0.10255169868469238,
-0.007351931184530258,
0.00018459296552464366,
-0.053030382841825485,
-0.029136482626199722,
-0.029633285477757454,
-0.06393668800592422,
-0.03962697461247444,
0.01485362183302641,
-0.037091538310050964,
0.03016938827931881,
-0.11450020223855972,
-0.08638536185026169,
-0.17914532124996185,
-0.16849876940250397,
-0.21209806203842163,
-0.09817148745059967,
0.043576255440711975,
-0.1813572198152542,
-0.14145910739898682,
-0.07895996421575546,
0.04551031067967415,
-0.03170781582593918,
-0.05899575352668762,
-0.01346157118678093,
-0.039709869772195816,
-0.008045918308198452,
0.04274963587522507,
0.08923424035310745,
0.09744518995285034,
0.17926019430160522,
0.08586873859167099,
-0.05304368585348129,
0.07067662477493286,
0.1256352663040161,
0.1953606903553009,
0.0407879501581192,
-0.06821157038211823,
0.11904708296060562,
0.16590479016304016,
0.11462339013814926,
0.18316297233104706,
-0.02401532232761383,
0.07819044589996338,
0.0317574106156826,
0.15172328054904938,
0.08133576810359955,
-0.025680096819996834,
-0.04362335056066513,
-0.12947802245616913,
-0.1004733219742775,
-0.06932318955659866,
0.048723604530096054,
0.1376938372850418,
-0.09954383224248886,
-0.17730140686035156,
-0.17483437061309814,
-0.05778270959854126,
0.10741899162530899,
-0.010159963741898537,
-0.05720953270792961,
-0.07401314377784729,
-0.05737898871302605,
0.01531482394784689,
-0.026773203164339066,
-0.12392255663871765,
-0.13779401779174805,
0.09893686324357986,
-0.10645327717065811,
-0.11566288024187088,
-0.2189566195011139,
-0.10164447128772736,
0.07667364925146103,
0.004602924454957247,
0.06724544614553452,
-0.04684162139892578,
0.06424662470817566,
0.10032836347818375,
0.10719069093465805,
0.12918412685394287,
0.004731487948447466,
0.1483592540025711,
0.038614824414253235,
0.05599084869027138,
0.0946548730134964,
0.11693933606147766,
-0.014234255068004131,
0.12980884313583374,
-0.142429918050766,
-0.05782696232199669,
-0.11652377992868423,
-0.09791159629821777,
-0.044497743248939514,
-0.12888962030410767,
-0.1569598913192749,
-0.1758521944284439,
-0.0791865885257721,
0.10335557162761688,
-0.06575747579336166,
0.05039893463253975,
-0.1080169752240181,
-0.03607805445790291,
-0.05895658954977989,
-0.02386629767715931,
-0.03024771437048912,
0.09547353535890579,
0.11212809383869171,
0.08468334376811981,
0.08350317925214767,
0.019939638674259186,
0.17469042539596558,
0.01129926834255457,
0.00011329211702104658,
0.027288313955068588,
-0.02507266029715538,
-0.16563308238983154,
-0.10098429024219513,
0.11383756995201111,
0.01758737489581108,
-0.029071951285004616,
-0.020514464005827904,
-0.11016912013292313,
0.10754688829183578,
-0.06076905503869057,
0.05493687838315964,
0.04213451221585274,
-0.06488257646560669,
-0.0028456763830035925,
0.08574623614549637,
0.020248956978321075,
0.03997547924518585,
-0.04374658316373825,
0.034855425357818604,
0.033498506993055344,
0.15398281812667847,
0.04826972633600235,
0.03923214226961136,
0.12116783112287521,
-0.030581604689359665,
-0.12062983214855194,
-0.08668068796396255,
-0.020471252501010895,
-0.06758949905633926,
0.03276443108916283,
-0.08080736547708511,
-0.15993918478488922,
-0.10447491705417633,
-0.004588971845805645,
-0.0421752855181694,
-0.032090846449136734,
-0.05342015624046326,
0.0448477528989315,
0.07898643612861633,
0.014410026371479034,
0.08992553502321243,
-0.007968870922923088,
0.11052963137626648,
0.11448384821414948,
0.09863802045583725,
0.17187511920928955,
0.17413924634456635,
0.15832281112670898,
-0.042193446308374405,
0.025636453181505203,
0.08369764685630798,
-0.030656279996037483,
-0.1910262554883957,
-0.1332915723323822,
0.027684327214956284,
-0.0257791206240654,
-0.05314711108803749,
-0.10481783002614975,
-0.18253883719444275,
0.13275869190692902,
0.11861468106508255,
0.13623976707458496,
0.12035290896892548,
-0.08675260841846466,
-0.14598768949508667,
0.06868414580821991,
0.06521555781364441,
0.12043999135494232,
0.10730063170194626,
-0.28606468439102173,
-0.12471859157085419,
0.011837229132652283,
-0.008545497432351112,
0.020729264244437218,
-0.06984734535217285,
-0.25369155406951904,
-0.20136727392673492,
-0.06837883591651917,
-0.1333811730146408,
0.05935888737440109,
-0.21226170659065247,
-0.21080386638641357,
-0.25679948925971985,
-0.22995442152023315,
0.13985837996006012,
0.07818605750799179,
0.020961767062544823,
-0.15809273719787598,
-0.39225608110427856,
0.28447020053863525,
0.213486447930336,
0.25895312428474426,
0.1178383156657219,
-0.19167639315128326,
0.16839750111103058,
0.26475977897644043,
0.33890995383262634,
0.21014365553855896,
-0.12550567090511322,
0.03573082387447357,
0.009534308686852455,
-0.049905382096767426,
0.055498622357845306,
-0.12854032218456268,
-0.00021542188187595457,
0.10892032831907272,
0.12728801369667053,
-0.02922576479613781,
-0.07351184636354446,
0.11689109355211258,
0.08724910020828247,
0.13633017241954803,
0.05518848076462746,
0.09605049341917038,
-0.15507057309150696,
-0.14503151178359985,
0.09755130857229233,
0.002783173229545355,
0.11643139272928238,
-0.20103751122951508,
-0.16352885961532593,
-0.17747315764427185,
-0.052915267646312714,
0.1265888512134552,
-0.03386528417468071,
-0.08281102776527405,
-0.04488879069685936,
-0.14294466376304626,
-0.04125886783003807,
0.03664911165833473,
0.14467568695545197,
-0.055792566388845444,
0.007112713996320963,
-0.06836195290088654,
0.024922730401158333,
0.16472092270851135,
0.1438896656036377,
0.10875482112169266,
0.08911145478487015,
-0.1352197378873825,
-0.06509265303611755,
0.1273488998413086,
0.036026548594236374,
0.12356624752283096,
-0.17288687825202942,
-0.16237108409404755,
-0.0795973539352417,
0.09548340737819672,
0.07928414642810822,
0.017278753221035004,
0.08148136734962463,
-0.03493392840027809,
-0.1657806634902954,
-0.09775622189044952,
0.14716602861881256,
-0.03429519385099411,
0.12792284786701202,
-0.12323304265737534,
-0.15421105921268463,
0.09134265780448914,
0.01862342655658722,
-0.013513251207768917,
0.0639072060585022,
-0.009989499114453793,
-0.05535498261451721,
0.11312878876924515,
0.18790294229984283,
0.1262681633234024,
0.11766938865184784,
-0.05459398031234741,
-0.12650516629219055,
-0.0452529639005661,
0.12609724700450897,
0.15570533275604248,
-0.003245459869503975,
-0.045812662690877914,
-0.12331744283437729,
-0.07819674909114838,
-0.16672441363334656,
0.18995963037014008,
0.14585338532924652,
0.09269250929355621,
0.04676030948758125,
-0.181857168674469,
-0.04567742347717285,
0.08307066559791565,
0.1277690976858139,
-0.025551073253154755,
0.028506288304924965,
-0.11576828360557556,
-0.06549404561519623,
0.033971067517995834,
0.10394499450922012,
-0.004796319641172886,
-0.2004551738500595,
-0.2280575931072235,
0.03189871460199356,
0.07093649357557297,
0.116724893450737,
0.1703130304813385,
-0.127484530210495,
-0.020758451893925667,
-0.05777980387210846,
0.014354742132127285,
0.1326967030763626,
-0.029581429436802864,
-0.11964251101016998,
0.0273214653134346,
0.21126756072044373,
0.06527668982744217,
-0.06911692023277283,
-0.12203866988420486,
0.09762837737798691,
0.09552450478076935,
0.11495853215456009,
0.016725881025195122,
-0.15731287002563477,
0.07876115292310715,
-0.02165945991873741,
0.11781979352235794,
-0.16080886125564575,
-0.19892354309558868,
-0.08620085567235947,
-0.08221391588449478,
-0.007076792418956757,
-0.2578183114528656,
-0.14409339427947998,
-0.0997123196721077,
-0.06972410529851913,
-0.13245466351509094,
-0.2479572892189026,
-0.16347937285900116,
-0.12559254467487335,
-0.06611774861812592,
-0.22285066545009613,
-0.18189218640327454,
-0.091727614402771,
-0.08896508812904358,
0.060863006860017776,
-0.06323854625225067,
-0.1701308637857437,
0.052895091474056244,
-0.014412433840334415,
0.11412002146244049,
-0.16250590980052948,
-0.0220661424100399,
-0.033128660172224045,
0.07331282645463943,
0.11815217137336731,
0.12700186669826508,
0.11252151429653168,
-0.08307264745235443,
-0.06566919386386871,
-0.08144208788871765,
-0.0032261840533465147,
0.050244130194187164,
-0.07804982364177704,
0.05323886498808861,
0.06145212799310684,
0.10078763961791992,
0.15063850581645966,
-0.08516468107700348,
-0.05747648701071739,
0.01234107930213213,
0.10749996453523636,
0.13489492237567902,
-0.009402907453477383,
-0.03834576532244682,
-0.08394067734479904,
0.09212633967399597,
-0.035193365067243576,
-0.13556303083896637,
-0.1697314977645874,
-0.14139854907989502,
0.010124864988029003,
0.010102475062012672,
-0.13990353047847748,
-0.08712656050920486,
0.10917529463768005,
0.07860926538705826,
-0.051835797727108,
-0.08983238786458969,
-0.035114675760269165,
0.07101688534021378,
0.06488746404647827,
0.05620451271533966,
-0.055739711970090866,
-0.05035218223929405,
0.0860261544585228,
0.04820440709590912,
0.11724483966827393,
0.0013811992248520255,
-0.06635677814483643,
0.10464584827423096,
0.15294018387794495,
0.06737224012613297,
-0.1904505342245102,
-0.20633791387081146,
-0.08628400415182114,
0.12613791227340698,
-0.06909231096506119,
-0.11667343229055405,
-0.0721370279788971,
-0.019130107015371323,
0.1741972267627716,
0.12021124362945557,
-0.09925847500562668,
-0.0182043369859457,
0.08614376187324524,
0.007512449752539396,
0.02769811823964119,
-0.05393150448799133,
-0.07172403484582901,
-0.028398238122463226,
-0.009772506542503834,
0.0834011659026146,
0.04526544362306595,
0.037242501974105835,
0.07496766000986099,
0.1141788586974144,
-0.016483521088957787,
-0.10296302288770676,
-0.06613881140947342,
-0.03899436816573143,
0.013011602684855461,
-0.059349458664655685,
-0.03690946474671364,
-0.0891009122133255,
0.004517078399658203,
0.15239807963371277,
0.15580177307128906,
-0.08702590316534042,
-0.15301954746246338,
0.03250909224152565,
0.09917997568845749,
0.11327684670686722,
0.00705829868093133,
-0.0019268847536295652,
0.09037785232067108,
0.01108026783913374,
0.09106943011283875,
-0.0912964716553688,
-0.005507850553840399,
-0.01270806323736906,
0.05886606499552727,
0.0141726303845644,
-0.05544344335794449,
-0.2031077742576599,
-0.006910719443112612,
0.01778590865433216,
-0.1500484198331833,
-0.05252346396446228,
-0.14559444785118103,
-0.07656296342611313,
0.005721241235733032,
-0.1522786170244217,
-0.058316685259342194,
0.01462079118937254,
0.009278111159801483,
-0.01514398492872715,
0.027601346373558044,
-0.016057314351201057,
0.10902425646781921,
0.11149632185697556,
0.0468517504632473,
0.04545314237475395,
0.050364814698696136,
0.11531447619199753,
0.02540796995162964,
0.19233448803424835,
0.1736721247434616,
0.1653226613998413,
0.048054035753011703,
0.03054766356945038,
0.10203959047794342,
0.1608576774597168,
0.21986199915409088,
0.11095468699932098,
0.09127774834632874,
0.026014409959316254,
0.1198141872882843,
0.1881951540708542,
-0.007351621054112911,
-0.08368102461099625,
0.03249121457338333,
-0.029456578195095062,
0.002748388098552823,
-0.1264454424381256,
0.07147268205881119,
-0.10804808884859085,
0.011786386370658875,
-0.1341279149055481,
0.05317728966474533,
0.06780534237623215,
-0.019809463992714882,
-0.07129187136888504,
0.051295530050992966,
0.1373811960220337,
0.27477049827575684,
-0.11229155212640762,
-0.022074680775403976,
-0.07713425904512405,
-0.08153717964887619,
-0.18106675148010254,
-0.10524500906467438,
-0.05415235832333565,
-0.11383506655693054,
-0.13456550240516663,
0.07372995465993881,
-0.11172293871641159,
0.030502771958708763,
0.04204472899436951,
0.04483970254659653,
0.13610133528709412,
0.07321178168058395,
-0.014877548441290855,
0.11978857964277267,
-0.018002096563577652,
0.11734121292829514,
0.06399475038051605,
0.15281237661838531,
0.1121344342827797,
0.13188786804676056,
-0.021959105506539345,
-0.09882007539272308,
-0.08836688846349716,
-0.059487976133823395,
-0.018671106547117233,
-0.1932186782360077,
-0.021335946395993233,
-0.12545183300971985,
-0.04539816454052925,
0.03820474445819855,
-0.002444472862407565,
-0.10508951544761658,
0.03489881008863449,
0.013664678670465946,
-0.06839559227228165,
-0.022591078653931618,
-0.037447210401296616,
0.04574168473482132,
0.02689497545361519,
0.09090258926153183,
0.12912006676197052,
0.10159433633089066,
0.026457998901605606,
0.0680469274520874,
-0.0428854338824749,
-0.07853192836046219,
-0.05393035337328911,
0.010140098631381989,
-0.04448096826672554,
-0.08435440808534622,
-0.06105944886803627,
0.024978283792734146,
-0.17186644673347473,
-0.09704052656888962,
0.014399372041225433,
-0.07047189027070999,
-0.0396062433719635,
0.04847831279039383,
-0.009324714541435242,
-0.04281740263104439,
-0.03197760507464409,
0.07248115539550781,
0.08959097415208817,
0.11042749881744385,
0.0330028273165226,
0.04529043659567833,
0.0590706430375576,
0.0871187150478363,
0.06609170883893967,
-0.0009051138185895979,
-0.07277332991361618,
0.007493368815630674,
0.03082163818180561,
-0.15871715545654297,
-0.1065308079123497,
-0.08114539831876755,
-0.01857856661081314,
-0.15884491801261902,
0.03336361423134804,
0.025332458317279816,
-0.12379693984985352,
-0.030629267916083336,
-0.05861971527338028,
0.029571255668997765,
-0.011572984047234058,
0.0751403421163559,
0.03352200984954834,
0.07944285124540329,
-0.006145549938082695,
0.08794964104890823,
0.09296616911888123,
0.06374074518680573,
0.17370685935020447,
0.007447102572768927,
0.08184927701950073,
0.10322901606559753,
0.038035083562135696,
0.04169949144124985,
0.07557076960802078,
0.1261010617017746,
0.05398888140916824,
0.11096210777759552,
-0.0054367827251553535,
-0.022620029747486115,
0.0543551929295063,
-0.07315284013748169,
-0.13685141503810883,
-0.12491270154714584,
-0.18408533930778503,
-0.0971301794052124,
-0.12597782909870148,
-0.12050137668848038,
-0.05943525582551956,
0.06887999922037125,
0.09812641888856888,
0.05735200271010399,
-0.05795165151357651,
-0.02881958708167076,
0.042897868901491165,
0.01055886596441269,
0.021376248449087143,
-0.093243807554245,
0.07691558450460434,
0.16698944568634033,
0.21770969033241272,
0.05437975376844406,
0.07272919267416,
0.11032441258430481,
0.19545917212963104,
0.27909132838249207,
0.23643238842487335,
0.0626087635755539,
0.08101784437894821,
0.11273907124996185,
-0.011898425407707691,
0.052872613072395325,
-0.10042833536863327,
-0.07743477076292038,
-0.19023442268371582,
-0.229700967669487,
-0.08738565444946289,
-0.030077263712882996,
0.045679640024900436,
0.13219498097896576,
0.24513211846351624,
0.056569796055555344,
0.16649824380874634,
0.15080340206623077,
0.10505632311105728,
0.016140902414917946,
0.07191556692123413,
0.012654198333621025,
-0.07784876227378845,
-0.0873446986079216,
-0.038303442299366,
0.005249940790235996,
-0.08181671798229218,
-0.054365288466215134,
-0.14061664044857025,
-0.08223399519920349,
-0.006664074491709471,
0.07146357744932175,
0.08303925395011902,
0.10522109270095825,
-0.04820607975125313,
0.10321749001741409,
0.10146453976631165,
0.055636174976825714,
0.06896190345287323,
0.018698759377002716,
0.09126150608062744,
0.07104794681072235,
-0.02145492285490036,
0.015040741302073002,
-0.03916264697909355,
0.041423775255680084,
0.033085405826568604,
0.09968329966068268,
-0.10208915174007416,
-0.08229998499155045,
-0.09115315228700638,
-0.0905160903930664,
-0.014931803569197655,
-0.03849577531218529,
-0.11881227791309357,
-0.14569291472434998,
-0.04225338622927666,
-0.013195416890084743,
0.0908428207039833,
-0.015260767191648483,
-0.08636568486690521,
0.0092411357909441,
-0.007171870209276676,
0.012884988449513912,
-0.0350954495370388,
0.12565594911575317,
0.11457161605358124,
0.06854598224163055,
-0.0114672826603055,
0.07361843436956406,
0.05185434967279434,
-0.0318349152803421,
-0.06132153421640396,
0.02236548624932766,
-0.11732695996761322,
-0.11270126700401306,
0.017504872754216194,
0.07143008708953857,
-0.11348255723714828,
0.02383584901690483,
-0.1260955035686493,
-0.05986184626817703,
0.10017801821231842,
0.021405894309282303,
0.10528784990310669,
0.004081626422703266,
0.052447110414505005,
0.00285456795245409,
0.10714281350374222,
0.04974795877933502,
-0.06179559975862503,
0.11611725389957428,
0.10456457734107971,
0.08579502254724503,
0.05007495731115341,
-0.06542550027370453,
0.018278460949659348,
0.016387177631258965,
-0.1229243353009224,
-0.007379218004643917,
-0.07441394776105881,
0.008257152512669563,
-0.03467783331871033,
0.016087889671325684,
-0.06587712466716766,
-0.1296239048242569,
0.1025138571858406,
0.041313961148262024,
0.0037177118938416243,
-0.04160197451710701,
0.06411626935005188,
-0.060034677386283875,
-0.010329594835639,
-0.038042087107896805,
-0.002821211703121662,
-0.007590427994728088,
-0.08252466470003128,
-0.030930405482649803,
-0.17461684346199036,
-0.05609540268778801,
-0.01094888336956501,
0.04783990979194641,
-0.051445044577121735,
-0.06616249680519104,
-0.10324574261903763,
-0.019783230498433113,
0.04395163059234619,
-0.09548096358776093,
-0.058342933654785156,
-0.08893120288848877,
0.003296480979770422,
-0.009860088117420673,
-0.06776180863380432,
-0.048282843083143234,
0.0558609701693058,
-0.07728146761655807,
0.02300146035850048,
0.14268694818019867,
0.1330285668373108,
-0.012655897997319698,
0.14701375365257263,
-0.05166789889335632,
-0.08944465965032578,
-0.07088126987218857,
0.0695253238081932,
0.023780418559908867,
-0.04191902279853821,
-0.111052006483078,
-0.08567870408296585,
0.04189913719892502,
0.13389213383197784,
-0.02889818698167801,
-0.2023061364889145,
-0.11873544007539749,
0.01125585287809372,
0.05264269560575485,
0.0867018848657608,
-0.1078854575753212,
-0.13861039280891418,
-0.21883344650268555,
0.011402396485209465,
0.07985366880893707,
-0.06676533073186874,
-0.18729422986507416,
-0.15514516830444336,
-0.0666450783610344,
-0.01285780593752861,
-0.023092489689588547,
-0.12568826973438263,
-0.1052524596452713,
-0.1214418113231659,
0.02873554266989231,
0.10944465547800064,
0.07273238152265549,
-0.0012137669837102294,
-0.09134196490049362,
0.06436484307050705,
-0.030535683035850525,
0.01728527992963791,
-0.08692935854196548,
-0.06914137303829193,
-0.015104296617209911,
0.06373845040798187,
0.019690154120326042,
0.10051309317350388,
0.023674482479691505,
-0.043992526829242706,
0.13210663199424744,
0.12652617692947388,
0.04933599755167961,
0.0629994124174118,
-0.06783165782690048,
0.02154570259153843,
-0.13161815702915192,
-0.04126093536615372,
-0.07593252509832382,
0.1270735114812851,
-0.09952712059020996,
-0.0011197172570973635,
0.007710255682468414,
-0.021997174248099327,
0.10928428173065186,
-0.022667333483695984,
-0.008766772225499153,
-0.043675728142261505,
-0.027385683730244637,
0.11163876205682755,
-0.010481644421815872,
0.00022557105694431812,
-0.07533368468284607,
0.04200492054224014,
0.07075763493776321,
0.15319931507110596,
0.1330854594707489,
0.14238055050373077,
0.07110534608364105,
-0.11280884593725204,
0.026409462094306946,
-0.15801477432250977,
0.02850990556180477,
0.025841591879725456,
0.028165243566036224,
0.03221345320343971,
-0.06893898546695709,
-0.13566794991493225,
-0.025712404400110245,
0.14183984696865082,
0.03393390029668808,
-0.11432012915611267,
-0.05063696950674057,
-0.02333778142929077,
-0.01704425923526287,
0.15596812963485718,
0.006021867040544748,
-0.030609503388404846,
-0.1283995509147644,
0.005653841886669397,
0.15238520503044128,
0.15340808033943176,
0.01173730194568634,
-0.0022573296446353197,
0.006770612671971321,
-0.10670921206474304,
-0.08830352872610092,
-0.11102353036403656,
0.05045890435576439,
0.0804162546992302,
-0.007615983951836824,
-0.0397869236767292,
-0.11815789341926575,
-0.014364166185259819,
-0.018544219434261322,
0.04405467212200165,
0.016881173476576805,
-0.15405219793319702,
-0.0289872195571661,
0.017730658873915672,
0.1089334711432457,
0.07340320944786072,
0.09094453603029251,
-0.12412431091070175,
-0.01773715578019619,
-0.002549706259742379,
0.18634720146656036,
0.10566572844982147,
0.07937535643577576,
-0.0007225080044008791,
0.08697136491537094,
0.05456990748643875,
0.004228782840073109,
0.0766095370054245,
0.107807956635952,
0.13120733201503754,
0.1415850818157196,
0.02790914475917816,
-0.00959393847733736,
0.09197799116373062,
0.0507555790245533,
-0.07433029264211655,
-0.08326632529497147,
0.017402684316039085,
0.0014367871917784214,
-0.11669224500656128,
-0.22677448391914368,
-0.1322229951620102,
0.044200267642736435,
-0.11482997983694077,
-0.12683798372745514,
-0.022694161161780357,
-0.03318658843636513,
0.06410565227270126,
0.0020926801953464746,
0.07651109248399734,
0.16702838242053986,
0.24896010756492615,
0.23807385563850403,
0.025705592706799507,
0.12392672896385193,
0.23574697971343994,
0.23363594710826874,
0.02060316875576973,
0.18904708325862885,
0.3083355128765106,
0.2789853513240814,
0.23776577413082123,
0.14555960893630981,
0.0030061136931180954,
0.02546718157827854,
0.17712771892547607,
0.18234483897686005,
0.11980511248111725,
0.02982945553958416,
0.04992322623729706,
-0.10280308127403259,
0.053884949535131454,
0.1225019171833992,
0.005492380820214748,
0.16234512627124786,
0.012087473645806313,
0.022994956001639366,
0.007187086157500744,
0.017595896497368813,
0.08504991233348846,
0.13701878488063812,
0.12905353307724,
-0.06493084132671356,
0.02341574616730213,
-0.09659861028194427,
-0.0326906256377697,
-0.10540695488452911,
-0.017020057886838913,
0.021294211968779564,
0.03896857798099518,
-0.04023874178528786,
-0.19444496929645538,
-0.04412073642015457,
0.012995917350053787,
0.05212641879916191,
-0.009593074209988117,
-0.09815859794616699,
-0.07234840095043182,
0.03241145610809326,
0.11709123849868774,
0.20309709012508392,
0.08061917871236801,
-0.027586808428168297,
-0.050114426761865616,
-0.0017590273637324572,
0.0753745287656784,
0.12856750190258026,
-0.05950935184955597,
-0.03594358637928963,
0.02248288318514824,
-0.04016570374369621,
-0.029085494577884674,
-0.06697039306163788,
0.08471567183732986,
-0.09160444140434265,
-0.18966180086135864,
-0.18049754202365875,
-0.1116955429315567,
-0.040672216564416885,
-0.11681442707777023,
-0.07933498919010162,
-0.1823563426733017,
-0.07822860032320023,
-0.037452951073646545,
0.14867180585861206,
0.06418205052614212,
0.156984344124794,
-0.006667314097285271,
0.0666915625333786,
0.018718155100941658,
0.0811837688088417,
0.1998598724603653,
0.10757181793451309,
-0.027562523260712624,
-0.03162205591797829,
-0.04566595330834389,
0.12998169660568237,
-0.05038028955459595,
-0.0994964987039566,
0.049819882959127426,
-0.029612766578793526,
-0.012194798327982426,
0.06855116784572601,
0.041810132563114166,
-0.12271846830844879,
-0.03416745737195015,
-0.009905797429382801,
-0.11758331209421158,
0.05830153077840805,
0.07905076444149017,
0.1071205884218216,
0.10062707215547562,
0.001983405090868473,
0.028083963319659233,
-0.020657585933804512,
0.09521657973527908,
0.07382771372795105,
-0.05274152755737305,
-0.0631297379732132,
0.10129432380199432,
0.09387540817260742,
-0.10241714119911194,
-0.015354661270976067,
-0.03342694789171219,
-0.07204851508140564,
-0.16549912095069885,
-0.10854484885931015,
0.01822449453175068,
-0.02054416574537754,
0.03371741995215416,
-0.1124427393078804,
-0.0594971664249897,
-0.03781653195619583,
-0.05085640773177147,
-0.017990663647651672,
-0.008548331446945667,
0.0013922213111072779,
-0.05292728915810585,
-0.05279522016644478,
0.013177106156945229,
0.16951417922973633,
-0.012744458392262459,
-0.05299782380461693,
-0.060693249106407166,
0.15426260232925415,
0.16446304321289062,
-0.09423726797103882,
-0.16266866028308868,
0.04979051277041435,
-0.0004942538216710091,
0.15693935751914978,
-0.09204740822315216,
-0.2089216113090515,
0.11934637278318405,
0.11139991134405136,
-0.07939747720956802,
-0.175603449344635,
-0.1342054158449173,
0.000516517786309123,
-0.02163095958530903,
-0.11168735474348068,
-0.10231830179691315,
-0.10384022444486618,
-0.12150724232196808,
-0.019673606380820274,
-0.01634467951953411,
-0.17413416504859924,
-0.1548556089401245,
-0.2885514497756958,
-0.22089220583438873,
-0.15470729768276215,
-0.05165976285934448,
-0.14780953526496887,
-0.012901916168630123,
-0.06941593438386917,
0.022290628403425217,
0.046114787459373474,
-0.03970476612448692,
-0.12001431733369827,
-0.22119486331939697,
-0.012279201298952103,
0.016093188896775246,
0.025181757286190987,
-0.14845281839370728,
-0.023416703566908836,
0.027732422575354576,
0.14396820962429047,
-0.05639902502298355,
-0.05317870154976845,
0.0015733987092971802,
0.13414376974105835,
0.14759625494480133,
0.061262842267751694,
0.004492336884140968,
-0.021762028336524963,
0.11569683253765106,
0.1252487748861313,
0.06729540228843689,
-0.041354503482580185,
0.10894526541233063,
0.12096725404262543,
0.04876380413770676,
-0.11100763082504272,
-0.06182090938091278,
0.12631088495254517,
0.048414409160614014,
-0.11876038461923599,
-0.16545359790325165,
-0.1437791883945465,
-0.01679363287985325,
0.12145786732435226,
0.10042896866798401,
0.07357171177864075,
-0.04717494174838066,
-0.03339877352118492,
-0.028889084234833717,
0.15576571226119995,
-0.006276337429881096,
-0.12491851300001144,
-0.05944129452109337,
0.02804054692387581,
-0.010314472950994968,
-0.025464734062552452,
-0.038431961089372635,
0.09237451106309891,
0.0022277364041656256,
-0.001597192487679422,
-0.07377519458532333,
0.11015534400939941,
-0.07614842802286148,
0.10775198042392731,
-0.056451648473739624,
-0.18690943717956543,
0.001933719264343381,
-0.08781100064516068,
0.08541878312826157,
-0.004922574386000633,
0.04677600786089897,
0.04763273894786835,
-0.04537077620625496,
0.11586035043001175,
0.07422036677598953,
-0.05052910000085831,
-0.07480759918689728,
0.07937857508659363,
-0.025271272286772728,
0.05637235939502716,
-0.11763275414705276,
0.04822782799601555,
0.011577633209526539,
-0.07183505594730377,
0.05187217891216278,
-0.13689985871315002,
0.10287769883871078,
0.0006077462458051741,
-0.06948628276586533,
-0.13658197224140167,
-0.06635056436061859,
-0.11229190230369568,
-0.13238775730133057,
0.12445209175348282,
0.165859192609787,
0.12499222904443741,
-0.16970983147621155,
-0.11829600483179092,
-0.017617259174585342,
-0.00937761552631855,
0.11177012324333191,
-0.06279928982257843,
0.07598922401666641,
-0.01901867613196373,
0.16502214968204498,
0.05965485796332359,
-0.019407659769058228,
0.004706359934061766,
0.08489054441452026,
-0.006562034133821726,
-0.0851021483540535,
0.029647771269083023,
0.018479513004422188,
0.10393062233924866,
-0.11711643636226654,
-0.0406208261847496,
0.10487957298755646,
-0.04815848171710968,
-0.06691768765449524,
0.0248862374573946,
-0.10767699778079987,
0.08753466606140137,
0.008715466596186161,
0.08920430392026901,
-0.11000462621450424,
-0.019363366067409515,
-0.05071656405925751,
0.10976381599903107,
-0.023018687963485718,
0.052498992532491684,
-0.09957974404096603,
0.10453052818775177,
0.08642800152301788,
-0.06116079166531563,
-0.024419456720352173,
0.07100064307451248,
-0.04149668663740158,
0.05238316208124161,
0.052611589431762695,
0.06755398213863373,
0.014061176218092442,
-0.0946224257349968,
-0.11751297861337662,
-0.1738976240158081,
-0.01027909480035305,
0.07789403945207596,
-0.03711530938744545,
-0.05628207325935364,
-0.08243082463741302,
0.02806202694773674,
0.02000187523663044,
-0.008286133408546448,
-0.11554453521966934,
-0.05503415688872337,
-0.06687813252210617,
0.11008003354072571,
-0.21189704537391663,
-0.07075304538011551,
-0.07474533468484879,
-0.11536425352096558,
0.004135793074965477,
-0.11134574562311172,
-0.038827817887067795,
0.02848997712135315,
0.10133174806833267,
0.17820119857788086,
0.10328330844640732,
-0.044826604425907135,
0.08718355745077133,
0.0457925945520401,
-0.04925073683261871,
-0.047629617154598236,
0.12354718893766403,
-0.07877501100301743,
0.1024991050362587,
-0.12996597588062286,
0.028867153450846672,
0.1306733787059784,
-0.07806334644556046,
0.10420352220535278,
0.04954869672656059,
0.03800555318593979,
0.087599977850914,
-0.02970806322991848,
-0.04971162974834442,
0.027749639004468918,
-0.04022346809506416,
0.11543592810630798,
0.04708505794405937,
-0.08262874186038971,
0.053786251693964005,
0.1150665432214737,
-0.07819685339927673,
-0.07661538571119308,
-0.12758247554302216,
-0.06104445457458496,
-0.05909371376037598,
0.08011794090270996,
0.11278367787599564,
-0.07633744180202484,
-0.09778717160224915,
-0.06646807491779327,
0.13396169245243073,
0.12003828585147858,
0.059161748737096786,
-0.06019077077507973,
-0.05811358988285065,
-0.009632275439798832,
0.003201749874278903,
-0.06900717318058014,
0.08323723822832108,
0.0905895009636879,
0.006146261468529701,
-0.050361499190330505,
0.09002771973609924,
0.10757750272750854,
0.06011882796883583,
-0.07429630309343338,
-0.10739368200302124,
-0.171634241938591,
0.030049946159124374,
0.0017961454577744007,
0.04273848235607147,
0.017296090722084045,
-0.010317464359104633,
0.01823221519589424,
0.07943854480981827,
0.07076308876276016,
-0.02513132058084011,
-0.0489824004471302,
-0.11715096980333328,
0.04605308920145035,
0.029834432527422905,
0.038909852504730225,
-0.07591896504163742,
-0.04274870827794075,
-0.03828182443976402,
0.07605398446321487,
0.01282756868749857,
0.06000356003642082,
0.07348757982254028,
0.004138210788369179,
0.0921153724193573,
-0.09002548456192017,
-0.10960947722196579,
-0.09321116656064987,
0.08490739017724991,
0.06698492914438248,
-0.03794541209936142,
0.05622391030192375,
-0.14598841965198517,
-0.0841706246137619,
0.06504309177398682,
0.1353439837694168,
-0.07204999774694443,
-0.12571381032466888,
-0.04769821837544441,
0.0015876295510679483,
0.08498255908489227,
-0.06655784696340561,
0.0637546256184578,
0.02530442364513874,
0.05763840675354004,
0.13445669412612915,
0.10629665106534958,
0.013874919153749943,
-0.04191619157791138,
0.12319456785917282,
-0.02193446084856987,
0.042007025331258774,
0.08682253956794739,
0.032988693565130234,
0.00677848607301712,
0.0028409017249941826,
-0.0680704265832901,
0.05709708109498024,
0.06637934595346451,
0.07976608723402023,
0.022171683609485626,
0.11002540588378906,
0.09595753997564316,
-0.17818371951580048,
0.035001516342163086,
-0.103892020881176,
0.046148378401994705,
0.05779982730746269,
-0.11112961918115616,
-0.13610084354877472,
0.014717045240104198,
-0.058018628507852554,
-0.05494645610451698,
0.2959917485713959,
0.3319493234157562,
0.28353121876716614,
0.19457457959651947,
0.09769754111766815,
-0.010729202069342136,
-0.048080574721097946,
0.026675187051296234,
0.05433959141373634,
0.12373393774032593,
0.19996632635593414,
0.14784827828407288,
0.0794033408164978,
0.05035765841603279,
0.09744907170534134,
0.19733849167823792,
0.29373931884765625,
0.18630576133728027,
0.1267940253019333,
0.035691339522600174,
0.20988592505455017,
0.22439263761043549,
0.27465832233428955,
0.10804932564496994,
0.033152904361486435,
0.004793795291334391,
0.08536772429943085,
-0.07632534950971603,
0.0532216876745224,
-0.0669407844543457,
0.04721968621015549,
0.09142742305994034,
-0.006570397410541773,
0.011362911202013493,
-0.026597604155540466,
-0.010153662413358688,
0.0750889852643013,
-0.06154444068670273,
0.053175244480371475,
-0.07800823450088501,
-0.10973033308982849,
-0.10304542630910873,
-0.12802374362945557,
0.0014969275798648596,
-0.06938643753528595,
-0.008865982294082642,
-0.12601026892662048,
-0.07424518465995789,
0.08311163634061813,
-0.015188386663794518,
0.09213162213563919,
0.04512018337845802,
0.012720187194645405,
0.013453665189445019,
0.04424311965703964,
0.07747885584831238,
-0.024634109809994698,
0.00751353008672595,
0.11535943299531937,
-0.04032105952501297,
0.06671515107154846,
0.08962314575910568,
0.09913305938243866,
-0.049607306718826294,
-0.03597952425479889,
-0.1156001016497612,
-0.012494079768657684,
-0.12123849242925644,
0.018419813364744186,
0.04354233294725418,
-0.08561219274997711,
-0.11399354785680771,
-0.0634431391954422,
-0.09712305665016174,
-0.0706143006682396,
0.14821122586727142,
0.16555359959602356,
0.023612812161445618,
0.10137158632278442,
0.14623193442821503,
-0.04130896180868149,
-0.05124310031533241,
-0.05782848969101906,
-0.011771089397370815,
-0.029381411150097847,
-0.06075088679790497,
-0.08498014509677887,
-0.0403464213013649,
0.005422513000667095,
0.09393774718046188,
-0.03805570676922798,
-0.10395831614732742,
0.08930844068527222,
-0.07224669307470322,
0.05572181195020676,
-0.02931784838438034,
-0.10627192258834839,
-0.018603907898068428,
-0.08198069036006927,
-0.00759161775931716,
-0.008906876668334007,
0.07472052425146103,
0.11534237116575241,
0.028376717120409012,
0.08072921633720398,
0.12326804548501968,
0.018232982605695724,
-0.06686995178461075,
0.03076579049229622,
-0.05399731919169426,
0.12338682264089584,
0.08873152732849121,
0.11374612152576447,
-0.0033690996933728456,
-0.05268990993499756,
-0.06203502044081688,
0.026539010927081108,
0.07730945944786072,
-0.029257867485284805,
-0.009037213400006294,
-0.07858491688966751,
-0.022640729323029518,
-0.10601210594177246,
-0.0737566128373146,
-0.02189631760120392,
0.0787007063627243,
0.13261133432388306,
0.07288573682308197,
-0.024281827732920647,
-0.011013718321919441,
-0.04215133562684059,
0.07475685328245163,
-0.006557629443705082,
0.16592960059642792,
0.07321637123823166,
-0.04964551702141762,
-0.17710964381694794,
-0.0213989969342947,
0.03202240169048309,
0.011250574141740799,
-0.11492568999528885,
-0.0670652687549591,
0.026386195793747902,
0.04501418024301529,
0.01525756437331438,
0.04906933009624481,
0.10260358452796936,
-0.11664486676454544,
0.09934251010417938,
-0.1311936378479004,
-0.066205233335495,
0.04269999638199806,
-0.003598988289013505,
-0.05278189107775688,
-0.18072202801704407,
0.017572278156876564,
0.06613310426473618,
0.05313292145729065,
-0.16273368895053864,
-0.31671348214149475,
0.027234816923737526,
0.07202773541212082,
-0.028594953939318657,
0.003539693308994174,
-0.14297398924827576,
-0.15257908403873444,
-0.21983517706394196,
-0.052980344742536545,
0.007838445715606213,
0.08328302949666977,
-0.17006798088550568,
-0.30903318524360657,
-0.18810822069644928,
-0.08546140789985657,
-0.0040980312041938305,
-0.07142067700624466,
0.04883649945259094,
-0.04908757284283638,
-0.006360870786011219,
-0.0831451416015625,
-0.010737174190580845,
-0.018304668366909027,
0.03641950339078903,
-0.025400737300515175,
0.09226921200752258,
-0.1000145748257637,
-0.1283082216978073,
-0.013083532452583313,
0.10410302877426147,
0.0502631776034832,
-0.07496742159128189,
-0.11257589608430862,
0.06009944900870323,
-0.04542887583374977,
0.0343792587518692,
0.14517761766910553,
0.08752425014972687,
0.09603247046470642,
-0.06373894214630127,
0.06544709950685501,
0.01018229778856039,
0.09095308184623718,
0.05728115886449814,
0.07534565776586533,
0.08536231517791748,
-0.08660135418176651,
-0.0967988446354866,
0.12424027174711227,
0.1080503910779953,
0.11621907353401184,
-0.1112193837761879,
-0.1590326875448227,
-0.008632476441562176,
-0.03412872552871704,
0.12749195098876953,
-0.030876437202095985,
-0.09214425832033157,
-0.045910079032182693,
0.05531441420316696,
0.09933936595916748,
0.09068261086940765,
-0.0002051631745416671,
-0.0972180888056755,
0.048720840364694595,
0.026319770142436028,
0.03089093416929245,
-0.01067749410867691,
0.018775947391986847,
-0.017010251060128212,
-0.047355521470308304,
-0.1279013454914093,
-0.10305234044790268,
0.10228323936462402,
0.1016824021935463,
0.031503722071647644,
-0.14369602501392365,
-0.00442076800391078,
0.0029084684792906046,
0.03297154977917671,
0.04539652168750763,
-0.05093134194612503,
-0.15773586928844452,
0.0043443795293569565,
0.017112089321017265,
-0.024756964296102524,
0.021536409854888916,
0.03280840441584587,
-0.02954026684165001,
0.03680845722556114,
0.03301914408802986,
0.03493911027908325,
-0.005402583163231611,
-0.03757768124341965,
0.07411277294158936,
-0.05336527153849602,
0.0037882523611187935,
-0.010525294579565525,
-0.06714413315057755,
0.11324436962604523,
-0.022976789623498917,
-0.15344597399234772,
-0.037489283829927444,
-0.018935753032565117,
0.02370346523821354,
0.17455153167247772,
0.022348519414663315,
-0.04739294946193695,
0.00963669829070568,
0.008281232789158821,
0.06458690762519836,
0.09130198508501053,
0.04760175198316574,
-0.10896012932062149,
-0.041265200823545456,
-0.04510948061943054,
-0.008220548741519451,
0.11075092107057571,
0.1510743498802185,
-0.05800854042172432,
0.017560722306370735,
-0.17117740213871002,
-0.0834064781665802,
-0.04754914715886116,
0.09215764701366425,
-0.08654126524925232,
0.04570368304848671,
0.024168627336621284,
-0.024099299684166908,
0.06835488975048065,
-0.004004430491477251,
-0.05922841280698776,
0.057859230786561966,
-0.0016950949793681502,
0.0929705798625946,
-0.0527057908475399,
0.09488340467214584,
-0.036767348647117615,
-0.03829937055706978,
0.08491828292608261,
0.06577539443969727,
0.05382739007472992,
0.11502078920602798,
0.08767041563987732,
-0.01631126180291176,
-0.030636323615908623,
0.02827642112970352,
-0.09805033355951309,
-0.043220896273851395,
-0.04255436360836029,
-0.13492122292518616,
-0.16206161677837372,
-0.07912702858448029,
-0.07959778606891632,
-0.09012503921985626,
-0.0400729775428772,
-0.13714271783828735,
-0.13444967567920685,
-0.2418714463710785,
-0.10664654523134232,
-0.17367170751094818,
-0.09455110877752304,
-0.06836162507534027,
-0.1461687684059143,
-0.06280869990587234,
-0.06335138529539108,
-0.12353391945362091,
-0.03441964462399483,
0.001787122106179595,
-0.0019051507115364075,
-0.011684373021125793,
-0.08476987481117249,
0.011613612994551659,
0.05797257646918297,
0.09517088532447815,
0.12876906991004944,
-0.15260133147239685,
-0.12730862200260162,
0.008181084878742695,
0.016739364713430405,
0.0035232710652053356,
-0.04720233008265495,
0.05742340534925461,
0.1376793086528778,
0.04941499978303909,
-0.0005106849130243063,
0.06593698263168335,
0.0976058691740036,
0.09426175057888031,
-0.0007020687917247415,
-0.03854312002658844,
-0.021124692633748055,
-0.09792453795671463,
0.06682378053665161,
0.14486482739448547,
0.015002276748418808,
-0.05388735979795456,
-0.04048958048224449,
0.054008062928915024,
0.04868810623884201,
0.10723812878131866,
-0.11843662708997726,
0.013494426384568214,
-0.005989908706396818,
-0.02113576978445053,
-0.05665260925889015,
-0.10895511507987976,
0.11804284155368805,
0.032426752150058746,
0.09015762060880661,
0.09276686608791351,
-0.0492524653673172,
0.07452743500471115,
-0.06409364938735962,
-0.09144452959299088,
-0.06519670784473419,
-0.10897910594940186,
-0.022893792018294334,
0.09597192704677582,
-0.0069052050821483135,
-0.0814131498336792,
-0.07568544894456863,
-0.00031452649272978306,
0.1224842369556427,
0.056181326508522034,
0.0749751627445221,
0.006656892132014036,
0.06639537960290909,
0.031760167330503464,
0.12272100150585175,
-0.024991340935230255,
-0.0901024118065834,
0.02370268665254116,
0.10947805643081665,
-0.009857123717665672,
-0.014492714777588844,
0.05894627794623375,
-0.049962203949689865,
-0.04877149686217308,
-0.04497262462973595,
-0.12233088910579681,
-0.14011503756046295,
-0.12162608653306961,
0.07251660525798798,
0.09810958802700043,
0.0667482316493988,
-0.1012611985206604,
-0.014353099279105663,
-0.025427985936403275,
0.09980815649032593,
-0.009654992260038853,
-0.0003146922681480646,
-0.11840078979730606,
0.1342959702014923,
0.05791659653186798,
-0.026016414165496826,
-0.04461023211479187,
-0.0013787749921903014,
0.07381681352853775,
0.06355462968349457,
0.08798544853925705,
0.11147841066122055,
-0.01716616563498974,
-0.006645683664828539,
0.021419133991003036,
-0.07540521770715714,
0.03530430793762207,
0.002220984548330307,
-0.10663711279630661,
0.04558287560939789,
-0.041387513279914856,
-0.05181976035237312,
-0.03233186900615692,
-0.033710233867168427,
0.11870712786912918,
0.10398363322019577,
-0.19382891058921814,
-0.13427960872650146,
-0.07014649361371994,
0.016770698130130768,
0.03442371264100075,
-0.04816807061433792,
-0.046921975910663605,
-0.07678284496068954,
0.0030277937185019255,
0.012780599296092987,
0.03659004718065262,
-0.05274804309010506,
-0.07045167684555054,
0.06500371545553207,
0.03397620841860771,
0.29017579555511475,
0.26364976167678833,
0.22634239494800568,
0.04250544682145119,
-0.2706638276576996,
0.0956345647573471,
0.22301414608955383,
0.20212632417678833,
-0.05574201047420502,
-0.12927627563476562,
0.08054206520318985,
0.1452869027853012,
0.13051466643810272,
-0.07941111922264099,
-0.19085486233234406,
-0.10466744005680084,
-0.11478409171104431,
-0.03140390291810036,
-0.11422265321016312,
0.015735769644379616,
-0.16368770599365234,
-0.198004350066185,
-0.11283829808235168,
-0.16114136576652527,
-0.056599732488393784,
0.14135490357875824,
0.05954413488507271,
-0.09588724374771118,
-0.05187254399061203,
-0.13546912372112274,
-0.11402986943721771,
0.06092233955860138,
0.040590353310108185,
0.04499363899230957,
0.07133885473012924,
-0.14425864815711975,
-0.11541596055030823,
-0.04022689908742905,
-0.06518058478832245,
-0.04177769646048546,
-0.16450779139995575,
-0.12142999470233917,
-0.06280568987131119,
-0.008829059079289436,
0.11829544603824615,
0.07622358947992325,
-0.027575435116887093,
-0.08978788554668427,
0.10566964000463486,
-0.034299030900001526,
0.09910647571086884,
0.16816969215869904,
0.004552548751235008,
-0.06991495192050934,
-0.04678795859217644,
0.030163291841745377,
-0.06836416572332382,
0.008107968606054783,
-0.047223739326000214,
0.06514911353588104,
-0.1031118705868721,
-0.024068478494882584,
-0.000970895984210074,
0.09964076429605484,
0.007848484441637993,
-0.07875540107488632,
-0.000786966469604522,
-0.08497385680675507,
0.07563469558954239,
0.033909741789102554,
-0.04718572273850441,
-0.028016557916998863,
0.03417019918560982,
0.05987576022744179,
-0.07271542400121689,
0.09426538646221161,
0.03118795156478882,
0.03080122545361519,
-0.0074299173429608345,
-0.07741612941026688,
0.010076510719954967,
0.08976862579584122,
0.10003863275051117,
-0.08408338576555252,
0.07332354038953781,
-0.04738011583685875,
-0.1129508838057518,
-0.08116345852613449,
0.08885946869850159,
-0.05874213948845863,
-0.09900050610303879,
-0.004083333071321249,
0.045586347579956055,
0.04745250195264816,
0.07820870727300644,
-0.11585714668035507,
-0.13165871798992157,
0.0934373140335083,
-0.06693973392248154,
0.06433624774217606,
0.14645211398601532,
0.1815347522497177,
0.10765383392572403,
0.06433910876512527,
-0.08501128107309341,
-0.062134891748428345,
0.013652297668159008,
0.0619535818696022,
0.03744437173008919,
-0.012717689387500286,
-0.025074489414691925,
-0.10538947582244873,
-0.11319120228290558,
-0.01663452945649624,
0.0041620610281825066,
-0.09672268480062485,
-0.08668182045221329,
0.02101537398993969,
0.01603056862950325,
0.08046969771385193,
0.0655537098646164,
0.05110473558306694,
0.07142776250839233,
0.11768744885921478,
0.13440711796283722,
0.04823046177625656,
0.008911747485399246,
0.1111992821097374,
0.014154602773487568,
0.053619738668203354,
-0.1491462141275406,
-0.010521108284592628,
0.0663590207695961,
-0.0003868097555823624,
-0.025435881689190865,
-0.05601189658045769,
0.04980058968067169,
0.00287422863766551,
0.14646288752555847,
-0.014095285907387733,
-0.047244008630514145,
-0.15689410269260406,
0.06536305695772171,
0.16330115497112274,
0.02249208465218544,
-0.20567868649959564,
-0.2656651437282562,
-0.0034334694501012564,
0.011351864784955978,
-0.023803850635886192,
0.1149897351861,
-0.01867557317018509,
-0.005242262501269579,
-0.02948666177690029,
-0.10250884294509888,
0.11018016934394836,
-0.05336029827594757,
0.022961996495723724,
-0.12245996296405792,
-0.2914699912071228,
0.040655843913555145,
0.06053602322936058,
0.0652187168598175,
0.07124309241771698,
-0.052193157374858856,
-0.11259319633245468,
-0.13129109144210815,
0.02276310697197914,
0.10286732763051987,
0.04087476804852486,
-0.159232497215271,
0.09310569614171982,
-0.014026764780282974,
0.07357829809188843,
-0.042524002492427826,
0.07499819248914719,
-0.0784350037574768,
0.01737607643008232,
0.03366381302475929,
-0.05257946625351906,
-0.13134761154651642,
-0.05066528171300888,
0.0199664905667305,
0.004742293618619442,
0.09990941733121872,
0.015899738296866417,
-0.015505924820899963,
-0.02679995447397232,
0.10004732757806778,
0.0798192098736763,
-0.035441379994153976,
-0.1423605978488922,
-0.09927058964967728,
0.05328458175063133,
0.04768846184015274,
0.008801199495792389,
-0.1042543277144432,
-0.11806908249855042,
-0.07201000303030014,
0.03387558460235596,
-0.010154827497899532,
-0.09718511998653412,
-0.022430870682001114,
0.15898799896240234,
0.035552117973566055,
-0.1155131608247757,
-0.07881498336791992,
-0.043327778577804565,
0.012285007163882256,
0.1634732484817505,
-0.12106070667505264,
-0.12431984394788742,
0.11418122053146362,
0.15607987344264984,
0.025572780519723892,
-0.11347907036542892,
-0.16290134191513062,
-0.08172662556171417,
0.13149091601371765,
-0.015546084381639957,
-0.18617193400859833,
-0.21900378167629242,
-0.18049614131450653,
0.07316470891237259,
0.043838128447532654,
-0.03275679796934128,
-0.03359265625476837,
0.06616627424955368,
0.14717429876327515,
0.10952621698379517,
0.08066121488809586,
-0.03376943990588188,
0.13354098796844482,
0.1575073003768921,
0.00454916525632143,
-0.08462103456258774,
-0.0028490405529737473,
-0.01238949503749609,
0.02895464189350605,
-0.009523756802082062,
-0.1134377047419548,
-0.14221122860908508,
-0.11443859338760376,
0.013819754123687744,
0.1235959529876709,
-0.15096122026443481,
-0.11236140131950378,
-0.13222314417362213,
0.03251675143837929,
0.1691969782114029,
0.02292294055223465,
-0.029838023707270622,
0.03036605380475521,
0.021103326231241226,
0.0371410958468914,
0.04808478057384491,
0.00791084859520197,
0.03871435672044754,
-0.03921585530042648,
0.0812659040093422,
-0.10145551711320877,
-0.08720653504133224,
0.09667017310857773,
0.12815888226032257,
0.11222860962152481,
-0.08894883096218109,
-0.003260616213083267,
-0.08058802783489227,
0.11760256439447403,
0.09860771149396896,
-0.08646393567323685,
-0.18152755498886108,
-0.021326636895537376,
0.0479179322719574,
0.1686122566461563