-0.052537091076374054,
-0.11621560901403427,
-0.01138896681368351,
0.22665950655937195,
-0.049385711550712585,
0.13386745750904083,
0.12262766063213348,
0.13947151601314545,
0.34288525581359863,
0.03125392273068428,
-0.05907142534852028,
0.33061203360557556,
0.1945212185382843,
0.31865864992141724,
0.115473173558712,
0.1587958186864853,
0.11993803083896637,
0.04911119490861893,
0.013014329597353935,
0.263228178024292,
-0.024049589410424232,
-0.1084083616733551,
0.24745158851146698,
0.2971172630786896,
0.1272326111793518,
0.35823091864585876,
0.26123884320259094,
0.3613603711128235,
0.10414047539234161,
0.15511754155158997,
0.007374187931418419,
0.10856286436319351,
-0.026547562330961227,
0.07668586075305939,
0.011253023520112038,
-0.04271494224667549,
-0.11208958178758621,
-0.0966418981552124,
0.17140831053256989,
0.08937747776508331,
-0.08687181025743484,
-0.07663968205451965,
-0.162044957280159,
0.06241647154092789,
-0.07738646119832993,
-0.20958004891872406,
-0.25962522625923157,
-0.15251001715660095,
-0.17839907109737396,
-0.14844495058059692,
-0.11793991923332214,
-0.10814160108566284,
0.06034258008003235,
0.21231618523597717,
-0.08129860460758209,
0.16186530888080597,
0.20028819143772125,
-0.006121294107288122,
0.11759848147630692,
-0.06564401090145111,
0.25024646520614624,
0.25520259141921997,
0.2749488651752472,
0.06966207921504974,
0.21747389435768127,
0.13505491614341736,
0.13764968514442444,
-0.022371340543031693,
0.18811015784740448,
0.2261156290769577,
0.18984128534793854,
0.26572680473327637,
0.16876858472824097,
0.18025581538677216,
-0.09418118000030518,
0.18501773476600647,
0.015404961071908474,
0.25845035910606384,
0.013130730018019676,
0.1243317499756813,
0.17711244523525238,
0.2433456927537918,
0.08326619118452072,
0.1605498194694519,
-0.036565251648426056,
0.11095528304576874,
0.1800353229045868,
0.14724135398864746,
0.1820528358221054,
0.2356434464454651,
0.04702209681272507,
0.166691392660141,
0.22057925164699554,
0.1103082075715065,
0.1266430914402008,
-0.07997056841850281,
0.28240635991096497,
0.17204606533050537,
0.27961453795433044,
0.13438768684864044,
0.30683547258377075,
0.04515846446156502,
0.17670859396457672,
0.2806626260280609,
0.029212014749646187,
0.001919772825203836,
0.2305823713541031,
0.20908324420452118,
-0.05755969509482384,
-0.007900121621787548,
0.11381755024194717,
0.02288171276450157,
0.2590714991092682,
-0.012824788689613342,
-0.06819365918636322,
-0.11810848861932755,
0.13936461508274078,
-0.07400254905223846,
0.12816473841667175,
0.22061295807361603,
-0.18320806324481964,
0.24766747653484344,
0.23217228055000305,
0.13077783584594727,
0.23017041385173798,
0.01957365684211254,
0.18101899325847626,
0.12819720804691315,
0.1659087985754013,
-0.10343431681394577,
-0.009655987843871117,
0.3178039789199829,
0.11079110950231552,
0.19745896756649017,
0.04541744291782379,
0.139394149184227,
0.15837030112743378,
0.1410224884748459,
0.13536693155765533,
-0.03511903062462807,
0.11910593509674072,
0.13924483954906464,
-0.01105094887316227,
0.14471039175987244,
0.06326676160097122,
-0.02273726835846901,
0.22194138169288635,
0.18775838613510132,
0.030491050332784653,
0.28527459502220154